image_width: 320
image_height: 240
camera_name: camera
camera_matrix:
  rows: 3
  cols: 3
  data: [252.688328, 0.000000, 161.330017, 0.000000, 252.708883, 123.620018, 0.000000, 0.000000, 1.000000]
distortion_model: plumb_bob
distortion_coefficients:
  rows: 1
  cols: 5
  data: [0.060646, -0.144417, -0.000184, 0.003493, 0.000000]
rectification_matrix:
  rows: 3
  cols: 3
  data: [1.000000, 0.000000, 0.000000, 0.000000, 1.000000, 0.000000, 0.000000, 0.000000, 1.000000]
projection_matrix:
  rows: 3
  cols: 4
  data: [252.912689, 0.000000, 162.499610, 0.000000, 0.000000, 254.535446, 123.604217, 0.000000, 0.000000, 0.000000, 1.000000, 0.000000]
