image_width: 320
image_height: 240
camera_name: camera
camera_matrix:
  rows: 3
  cols: 3
  data: [149.009451, 0.000000, 165.925523, 0.000000, 149.631482, 117.104923, 0.000000, 0.000000, 1.000000]
distortion_model: plumb_bob
distortion_coefficients:
  rows: 1
  cols: 5
  data: [-0.267387, 0.046939, 0.005129, -0.001500, 0.000000]
rectification_matrix:
  rows: 3
  cols: 3
  data: [1.000000, 0.000000, 0.000000, 0.000000, 1.000000, 0.000000, 0.000000, 0.000000, 1.000000]
projection_matrix:
  rows: 3
  cols: 4
  data: [102.205902, 0.000000, 167.076774, 0.000000, 0.000000, 114.427040, 119.105100, 0.000000, 0.000000, 0.000000, 1.000000, 0.000000]
