image_width: 320
image_height: 240
camera_name: camera
camera_matrix:
  rows: 3
  cols: 3
  data: [492.083912, 0.000000, 161.120308, 0.000000, 493.383148, 101.139736, 0.000000, 0.000000, 1.000000]
distortion_model: plumb_bob
distortion_coefficients:
  rows: 1
  cols: 5
  data: [0.000418, 0.034707, -0.002610, 0.005816, 0.000000]
rectification_matrix:
  rows: 3
  cols: 3
  data: [1.000000, 0.000000, 0.000000, 0.000000, 1.000000, 0.000000, 0.000000, 0.000000, 1.000000]
projection_matrix:
  rows: 3
  cols: 4
  data: [492.931488, 0.000000, 162.138113, 0.000000, 0.000000, 495.433838, 100.812770, 0.000000, 0.000000, 0.000000, 1.000000, 0.000000]
