image_width: 320
image_height: 240
camera_name: camera
camera_matrix:
  rows: 3
  cols: 3
  data: [365.878770, 0.000000, 165.974669, 0.000000, 366.971024, 87.973946, 0.000000, 0.000000, 1.000000]
distortion_model: plumb_bob
distortion_coefficients:
  rows: 1
  cols: 5
  data: [0.037138, -0.542806, -0.022184, -0.004083, 0.000000]
rectification_matrix:
  rows: 3
  cols: 3
  data: [1.000000, 0.000000, 0.000000, 0.000000, 1.000000, 0.000000, 0.000000, 0.000000, 1.000000]
projection_matrix:
  rows: 3
  cols: 4
  data: [361.860840, 0.000000, 165.498064, 0.000000, 0.000000, 359.934692, 84.577546, 0.000000, 0.000000, 0.000000, 1.000000, 0.000000]
